1000                 0.000185471          250948.07            270967               235458              
2000                 0.000709342          1002257.40           1044057              955700              
3000                 0.001599513          2252291.72           2347600              2171239             
4000                 0.002804091          4001833.55           4144604              3880030             
5000                 0.004411178          6252619.13           6468943              6051581             
6000                 0.006377156          9006837.97           9280286              8789742             
7000                 0.008577061          12256335.81          12637770             11986228            
8000                 0.011063217          16001273.84          16362433             15619713            
9000                 0.013930176          20261701.43          20647701             19872678            
10000                0.016997885          25012771.07          25627507             24457786            
