1000                 0.000179897          250630.01            266683               235111              
2000                 0.000695142          1001294.53           1045391              954514              
3000                 0.001566465          2252145.61           2342129              2158689             
4000                 0.002781965          4003104.91           4126825              3838563             
5000                 0.004325827          6254265.06           6454358              6019987             
6000                 0.006226493          9004091.87           9267076              8750843             
7000                 0.008378625          12257232.21          12545678             11968226            
8000                 0.010973425          16003057.34          16367219             15627900            
9000                 0.013884105          20249964.21          20730874             19852530            
10000                0.017060247          25014162.43          25525382             24467777            
