0                    0.000002000          0.00                 0                    0                   
3                    0.000004000          3.60                 5                    2                   
6                    0.000013000          12.42                18                   7                   
9                    0.000020000          25.26                35                   15                  
12                   0.000030000          44.46                58                   23                  
15                   0.000034000          67.64                92                   37                  
18                   0.000042000          91.54                119                  62                  
21                   0.000053000          125.20               170                  94                  
24                   0.000066000          163.06               202                  108                 
27                   0.000078000          199.64               266                  151                 
30                   0.000093000          247.96               317                  151                 
